NACA                                            
 Alfa =  20.00000 Re = 15000000.000 Xflap,Yflap =     0.000000    0.000000
#    x        y        Cp  
   1.00000  0.00000 -0.18894
   0.99317  0.00183 -0.19118
   0.98192  0.00481 -0.19508
   0.96929  0.00811 -0.19956
   0.95512  0.01175 -0.20469
   0.93944  0.01571 -0.21052
   0.92263  0.01991 -0.21694
   0.90516  0.02427 -0.22380
   0.88730  0.02879 -0.23101
   0.86905  0.03347 -0.23858
   0.85044  0.03826 -0.24652
   0.83159  0.04311 -0.25482
   0.81265  0.04795 -0.26339
   0.79376  0.05277 -0.27218
   0.77498  0.05753 -0.28113
   0.75636  0.06220 -0.29023
   0.73787  0.06675 -0.29944
   0.71951  0.07118 -0.30876
   0.70124  0.07549 -0.31816
   0.68305  0.07966 -0.32761
   0.66495  0.08368 -0.33708
   0.64693  0.08755 -0.34656
   0.62901  0.09125 -0.35600
   0.61119  0.09478 -0.36536
   0.59346  0.09812 -0.37451
   0.57580  0.10126 -0.38319
   0.55822  0.10421 -0.39049
   0.54072  0.10695 -0.39160
   0.52329  0.10947 -0.38487
   0.50596  0.11177 -0.44123
   0.48873  0.11383 -0.53397
   0.47160  0.11566 -0.65020
   0.45458  0.11723 -0.77711
   0.43765  0.11854 -0.90545
   0.42079  0.11958 -1.03079
   0.40402  0.12036 -1.15205
   0.38737  0.12086 -1.26838
   0.37085  0.12107 -1.38148
   0.35447  0.12099 -1.48885
   0.33815  0.12060 -1.58895
   0.32184  0.11990 -1.68075
   0.30550  0.11890 -1.77062
   0.28915  0.11761 -1.86237
   0.27285  0.11604 -1.95492
   0.25667  0.11419 -2.05174
   0.24063  0.11205 -2.14682
   0.22473  0.10963 -2.24571
   0.20899  0.10692 -2.34564
   0.19345  0.10393 -2.45192
   0.17817  0.10068 -2.56380
   0.16322  0.09718 -2.68365
   0.14868  0.09345 -2.81063
   0.13461  0.08952 -2.95302
   0.12108  0.08540 -3.10539
   0.10825  0.08115 -3.26963
   0.09627  0.07684 -3.43969
   0.08523  0.07255 -3.62642
   0.07520  0.06834 -3.81884
   0.06620  0.06427 -4.02230
   0.05816  0.06036 -4.23073
   0.05101  0.05664 -4.44846
   0.04462  0.05308 -4.65727
   0.03890  0.04968 -4.89437
   0.03377  0.04642 -5.12992
   0.02917  0.04331 -5.37681
   0.02505  0.04035 -5.63760
   0.02138  0.03754 -5.93352
   0.01809  0.03488 -6.31148
   0.01516  0.03235 -6.76537
   0.01256  0.02991 -7.23427
   0.01025  0.02754 -7.62555
   0.00822  0.02522 -7.96292
   0.00643  0.02293 -8.09613
   0.00484  0.02068 -8.14924
   0.00343  0.01850 -9.49860
   0.00219  0.01637 -9.66609
   0.00117  0.01424-10.20827
   0.00038  0.01208-10.31160
  -0.00018  0.00992-10.19400
  -0.00054  0.00776 -9.94563
  -0.00069  0.00562 -9.61877
  -0.00063  0.00351 -9.17213
  -0.00034  0.00143 -8.58652
   0.00018 -0.00060 -7.65404
   0.00096 -0.00258 -6.49326
   0.00199 -0.00454 -5.25620
   0.00326 -0.00648 -4.12074
   0.00479 -0.00840 -3.12823
   0.00656 -0.01032 -2.30160
   0.00855 -0.01221 -1.62719
   0.01075 -0.01407 -1.09677
   0.01317 -0.01592 -0.67707
   0.01585 -0.01775 -0.32805
   0.01883 -0.01955 -0.01765
   0.02213 -0.02132  0.24109
   0.02582 -0.02307  0.45404
   0.02994 -0.02483  0.61727
   0.03453 -0.02665  0.73916
   0.03966 -0.02854  0.83000
   0.04541 -0.03049  0.89781
   0.05185 -0.03249  0.94704
   0.05905 -0.03455  0.97800
   0.06715 -0.03668  0.99528
   0.07630 -0.03886  0.99995
   0.08660 -0.04110  0.99385
   0.09813 -0.04337  0.97857
   0.11087 -0.04561  0.95587
   0.12473 -0.04777  0.92739
   0.13959 -0.04982  0.89560
   0.15521 -0.05172  0.86160
   0.17136 -0.05347  0.82588
   0.18788 -0.05502  0.78997
   0.20464 -0.05637  0.75415
   0.22159 -0.05749  0.71940
   0.23872 -0.05839  0.68624
   0.25602 -0.05908  0.65406
   0.27344 -0.05956  0.62266
   0.29092 -0.05983  0.59222
   0.30839 -0.05990  0.56353
   0.32578 -0.05975  0.53472
   0.34307 -0.05937  0.50855
   0.36032 -0.05875  0.48517
   0.37765 -0.05788  0.46552
   0.39516 -0.05677  0.44858
   0.41283 -0.05544  0.43220
   0.43062 -0.05392  0.41796
   0.44849 -0.05221  0.40491
   0.46647 -0.05030  0.39421
   0.48459 -0.04822  0.38513
   0.50288 -0.04597  0.37741
   0.52132 -0.04357  0.37096
   0.53990 -0.04103  0.36541
   0.55861 -0.03838  0.36116
   0.57747 -0.03561  0.35798
   0.59648 -0.03275  0.35551
   0.61565 -0.02982  0.35399
   0.63494 -0.02684  0.35230
   0.65427 -0.02383  0.35194
   0.67358 -0.02082  0.35201
   0.69278 -0.01784  0.35259
   0.71180 -0.01494  0.35400
   0.73059 -0.01213  0.35515
   0.74917 -0.00945  0.35621
   0.76756 -0.00690  0.35611
   0.78578 -0.00452  0.35620
   0.80375 -0.00231  0.35604
   0.82137 -0.00030  0.35546
   0.83861  0.00147  0.35412
   0.85555  0.00297  0.35023
   0.87228  0.00422  0.34308
   0.88874  0.00521  0.33473
   0.90468  0.00595  0.32797
   0.91980  0.00639  0.32284
   0.93396  0.00646  0.31297
   0.94720  0.00613  0.29254
   0.95963  0.00540  0.25455
   0.97137  0.00431  0.19288
   0.98252  0.00291  0.09689
   0.99316  0.00124 -0.10725
   1.00000  0.00000 -0.18894
