#    s        x        y     Ue/Vinf    Dstar     Theta      Cf       H
   0.00000  1.00000  0.00000  0.84857  0.002297  0.001411  0.001436     1.628
   0.00707  0.99317  0.00183  0.90419  0.001652  0.001119  0.002217     1.476
   0.01871  0.98192  0.00481  0.92285  0.001487  0.001027  0.002467     1.448
   0.03176  0.96929  0.00811  0.93661  0.001370  0.000957  0.002656     1.432
   0.04640  0.95512  0.01175  0.94768  0.001274  0.000897  0.002813     1.420
   0.06256  0.93944  0.01571  0.95521  0.001200  0.000848  0.002921     1.415
   0.07989  0.92263  0.01991  0.96023  0.001140  0.000805  0.002992     1.415
   0.09790  0.90516  0.02427  0.96469  0.001082  0.000763  0.003052     1.417
   0.11632  0.88730  0.02879  0.97149  0.001012  0.000715  0.003156     1.415
   0.13516  0.86905  0.03347  0.98014  0.000935  0.000662  0.003300     1.411
   0.15438  0.85044  0.03826  0.98899  0.000857  0.000609  0.003458     1.407
   0.17384  0.83159  0.04311  0.99699  0.000785  0.000559  0.003600     1.406
   0.19339  0.81265  0.04795  1.00451  0.000720  0.000509  0.003704     1.413
   0.21289  0.79376  0.05277  1.01229  0.000663  0.000461  0.003705     1.438
   0.23226  0.77498  0.05753  1.01988  0.000632  0.000416  0.003389     1.517
   0.25146  0.75636  0.06220  1.02834  0.000662  0.000378  0.002394     1.750
   0.27049  0.73787  0.06675  1.04552  0.000841  0.000341  0.000746     2.468
   0.28939  0.71951  0.07118  1.06648  0.001045  0.000306  0.000093     3.412
   0.30816  0.70124  0.07549  1.07094  0.001038  0.000299  0.000078     3.475
   0.32681  0.68305  0.07966  1.07634  0.000986  0.000290  0.000102     3.401
   0.34536  0.66495  0.08368  1.08233  0.000920  0.000281  0.000150     3.278
   0.36378  0.64693  0.08755  1.08866  0.000854  0.000271  0.000209     3.153
   0.38208  0.62901  0.09125  1.09516  0.000792  0.000261  0.000278     3.037
   0.40025  0.61119  0.09478  1.10146  0.000739  0.000251  0.000348     2.943
   0.41830  0.59346  0.09812  1.10747  0.000692  0.000242  0.000421     2.862
   0.43623  0.57580  0.10126  1.11284  0.000653  0.000233  0.000487     2.802
   0.45406  0.55822  0.10421  1.11776  0.000617  0.000224  0.000554     2.749
   0.47178  0.54072  0.10695  1.12222  0.000584  0.000216  0.000625     2.701
   0.48938  0.52329  0.10947  1.12598  0.000554  0.000208  0.000693     2.661
   0.50687  0.50596  0.11177  1.12914  0.000526  0.000200  0.000766     2.623
   0.52422  0.48873  0.11383  1.13160  0.000499  0.000193  0.000843     2.586
   0.54144  0.47160  0.11566  1.13305  0.000475  0.000186  0.000918     2.555
   0.55854  0.45458  0.11723  1.13363  0.000452  0.000179  0.000998     2.524
   0.57552  0.43765  0.11854  1.13293  0.000432  0.000173  0.001072     2.500
   0.59241  0.42079  0.11958  1.13118  0.000413  0.000167  0.001147     2.477
   0.60919  0.40402  0.12036  1.12808  0.000396  0.000161  0.001215     2.460
   0.62586  0.38737  0.12086  1.12413  0.000378  0.000155  0.001298     2.437
   0.64237  0.37085  0.12107  1.11870  0.000361  0.000150  0.001391     2.411
   0.65876  0.35447  0.12099  1.11141  0.000344  0.000144  0.001492     2.382
   0.67508  0.33815  0.12060  1.10146  0.000330  0.000140  0.001577     2.359
   0.69140  0.32184  0.11990  1.08860  0.000320  0.000136  0.001618     2.352
   0.70778  0.30550  0.11890  1.07418  0.000311  0.000132  0.001639     2.353
   0.72418  0.28915  0.11761  1.05911  0.000301  0.000128  0.001679     2.348
   0.74055  0.27285  0.11604  1.04248  0.000292  0.000125  0.001705     2.347
   0.75684  0.25667  0.11419  1.02492  0.000281  0.000120  0.001757     2.337
   0.77302  0.24063  0.11205  1.00512  0.000272  0.000116  0.001793     2.333
   0.78911  0.22473  0.10963  0.98354  0.000261  0.000112  0.001834     2.326
   0.80508  0.20899  0.10692  0.95967  0.000252  0.000109  0.001856     2.325
   0.82091  0.19345  0.10393  0.93406  0.000242  0.000104  0.001895     2.318
   0.83653  0.17817  0.10068  0.90582  0.000233  0.000100  0.001910     2.319
   0.85187  0.16322  0.09718  0.87560  0.000222  0.000096  0.001948     2.311
   0.86688  0.14868  0.09345  0.84220  0.000213  0.000092  0.001961     2.310
   0.88150  0.13461  0.08952  0.80637  0.000203  0.000088  0.001970     2.309
   0.89564  0.12108  0.08540  0.76765  0.000192  0.000083  0.001999     2.302
   0.90915  0.10825  0.08115  0.72475  0.000181  0.000079  0.002019     2.292
   0.92189  0.09627  0.07684  0.67836  0.000172  0.000075  0.001987     2.295
   0.93373  0.08523  0.07255  0.62954  0.000161  0.000070  0.001993     2.281
   0.94460  0.07520  0.06834  0.57707  0.000152  0.000067  0.001930     2.282
   0.95449  0.06620  0.06427  0.52290  0.000143  0.000063  0.001878     2.274
   0.96343  0.05816  0.06036  0.46593  0.000134  0.000059  0.001789     2.267
   0.97149  0.05101  0.05664  0.40671  0.000126  0.000056  0.001664     2.263
   0.97880  0.04462  0.05308  0.34442  0.000119  0.000053  0.001518     2.247
   0.98546  0.03890  0.04968  0.28076  0.000113  0.000050  0.001276     2.268
   0.99154  0.03377  0.04642  0.21289  0.000104  0.000047  0.001094     2.223
   0.99709  0.02917  0.04331  0.14174  0.000102  0.000045  0.000722     2.257
   1.00216  0.02505  0.04035  0.06868  0.000091  0.000041  0.000403     2.230
   1.00678  0.02138  0.03754 -0.00983  0.000091  0.000041  0.000058     2.230
   1.01101  0.01809  0.03488 -0.08953  0.000084  0.000038  0.000572     2.225
   1.01488  0.01516  0.03235 -0.18000  0.000075  0.000034  0.001298     2.209
   1.01845  0.01256  0.02991 -0.27409  0.000073  0.000033  0.002004     2.229
   1.02175  0.01025  0.02754 -0.37743  0.000066  0.000030  0.003137     2.191
   1.02484  0.00822  0.02522 -0.48282  0.000065  0.000029  0.003957     2.228
   1.02775  0.00643  0.02293 -0.59313  0.000061  0.000028  0.005341     2.195
   1.03050  0.00484  0.02068 -0.70683  0.000059  0.000027  0.006422     2.214
   1.03310  0.00343  0.01850 -0.83709  0.000054  0.000025  0.008686     2.171
   1.03556  0.00219  0.01637 -1.00421  0.000048  0.000022  0.012085     2.148
   1.03792  0.00117  0.01424 -1.17554  0.000046  0.000021  0.013899     2.204
   1.04022  0.00038  0.01208 -1.33457  0.000046  0.000021  0.015639     2.222
   1.04246 -0.00018  0.00992 -1.48812  0.000046  0.000020  0.017487     2.224
   1.04465 -0.00054  0.00776 -1.65005  0.000044  0.000020  0.020311     2.206
   1.04679 -0.00069  0.00562 -1.80760  0.000044  0.000020  0.021802     2.225
   1.04891 -0.00063  0.00351 -1.96483  0.000044  0.000020  0.024132     2.218
   1.05100 -0.00034  0.00143 -2.10931  0.000045  0.000020  0.024742     2.245
   1.05309  0.00018 -0.00060 -2.22386  0.000048  0.000021  0.023547     2.291
   1.05523  0.00096 -0.00258 -2.28053  0.000055  0.000023  0.018577     2.412
   1.05744  0.00199 -0.00454 -2.30221  0.000063  0.000025  0.015087     2.490
   1.05976  0.00326 -0.00648 -2.29843  0.000074  0.000028  0.011500     2.593
   1.06221  0.00479 -0.00840 -2.27891  0.000086  0.000032  0.008542     2.703
   1.06482  0.00656 -0.01032 -2.24986  0.000102  0.000036  0.006075     2.831
   1.06757  0.00855 -0.01221 -2.21984  0.000116  0.000040  0.004612     2.920
   1.07045  0.01075 -0.01407 -2.19356  0.000128  0.000044  0.003988     2.944
   1.07350  0.01317 -0.01592 -2.17003  0.000139  0.000047  0.003593     2.952
   1.07674  0.01585 -0.01775 -2.14589  0.000154  0.000051  0.002956     3.007
   1.08022  0.01883 -0.01955 -2.11371  0.000189  0.000056  0.001119     3.377
   1.08397  0.02213 -0.02132 -2.08536  0.000259  0.000061 -0.000511     4.274
   1.08805  0.02582 -0.02307 -2.06471  0.000341  0.000065 -0.000745     5.277
   1.09253  0.02994 -0.02483 -1.98711  0.000332  0.000083 -0.000170     4.003
   1.09747  0.03453 -0.02665 -1.87995  0.000218  0.000111  0.006885     1.968
   1.10294  0.03966 -0.02854 -1.84401  0.000197  0.000127  0.012686     1.551
   1.10901  0.04541 -0.03049 -1.81378  0.000212  0.000147  0.014117     1.441
   1.11575  0.05185 -0.03249 -1.78163  0.000244  0.000171  0.013459     1.422
   1.12324  0.05905 -0.03455 -1.74791  0.000284  0.000199  0.012302     1.428
   1.13162  0.06715 -0.03668 -1.71701  0.000328  0.000228  0.011265     1.437
   1.14102  0.07630 -0.03886 -1.68497  0.000379  0.000262  0.010288     1.447
   1.15156  0.08660 -0.04110 -1.65446  0.000433  0.000298  0.009486     1.453
   1.16332  0.09813 -0.04337 -1.62592  0.000491  0.000337  0.008840     1.456
   1.17625  0.11087 -0.04561 -1.59754  0.000554  0.000380  0.008263     1.457
   1.19028  0.12473 -0.04777 -1.57020  0.000621  0.000427  0.007764     1.457
   1.20527  0.13959 -0.04982 -1.54332  0.000694  0.000477  0.007310     1.456
   1.22101  0.15521 -0.05172 -1.51896  0.000768  0.000528  0.006940     1.453
   1.23726  0.17136 -0.05347 -1.49940  0.000836  0.000577  0.006691     1.447
   1.25385  0.18788 -0.05502 -1.48213  0.000902  0.000626  0.006481     1.441
   1.27066  0.20464 -0.05637 -1.46648  0.000968  0.000674  0.006293     1.436
   1.28765  0.22159 -0.05749 -1.45038  0.001040  0.000726  0.006080     1.433
   1.30481  0.23872 -0.05839 -1.43488  0.001113  0.000778  0.005875     1.431
   1.32212  0.25602 -0.05908 -1.41999  0.001189  0.000831  0.005681     1.430
   1.33954  0.27344 -0.05956 -1.40610  0.001264  0.000885  0.005507     1.428
   1.35703  0.29092 -0.05983 -1.39285  0.001339  0.000938  0.005344     1.427
   1.37450  0.30839 -0.05990 -1.38023  0.001416  0.000992  0.005192     1.426
   1.39189  0.32578 -0.05975 -1.36825  0.001492  0.001046  0.005050     1.426
   1.40918  0.34307 -0.05937 -1.35596  0.001572  0.001103  0.004901     1.426
   1.42644  0.36032 -0.05875 -1.34124  0.001670  0.001168  0.004706     1.430
   1.44380  0.37765 -0.05788 -1.32417  0.001787  0.001243  0.004473     1.437
   1.46134  0.39516 -0.05677 -1.30613  0.001917  0.001326  0.004233     1.445
   1.47906  0.41283 -0.05544 -1.28797  0.002056  0.001414  0.004002     1.454
   1.49692  0.43062 -0.05392 -1.26977  0.002205  0.001507  0.003780     1.463
   1.51487  0.44849 -0.05221 -1.25124  0.002368  0.001607  0.003562     1.473
   1.53295  0.46647 -0.05030 -1.23206  0.002549  0.001717  0.003341     1.485
   1.55119  0.48459 -0.04822 -1.21227  0.002752  0.001837  0.003120     1.498
   1.56962  0.50288 -0.04597 -1.19256  0.002972  0.001965  0.002908     1.512
   1.58821  0.52132 -0.04357 -1.17282  0.003213  0.002103  0.002703     1.528
   1.60696  0.53990 -0.04103 -1.15302  0.003479  0.002253  0.002505     1.544
   1.62585  0.55861 -0.03838 -1.13322  0.003772  0.002413  0.002313     1.563
   1.64492  0.57747 -0.03561 -1.11337  0.004097  0.002588  0.002126     1.583
   1.66415  0.59648 -0.03275 -1.09371  0.004456  0.002776  0.001948     1.605
   1.68354  0.61565 -0.02982 -1.07431  0.004852  0.002977  0.001777     1.630
   1.70305  0.63494 -0.02684 -1.05519  0.005290  0.003194  0.001615     1.656
   1.72262  0.65427 -0.02383 -1.03636  0.005777  0.003426  0.001459     1.686
   1.74216  0.67358 -0.02082 -1.01791  0.006318  0.003675  0.001311     1.719
   1.76159  0.69278 -0.01784 -1.00012  0.006911  0.003938  0.001172     1.755
   1.78083  0.71180 -0.01494 -0.98309  0.007559  0.004213  0.001043     1.794
   1.79984  0.73059 -0.01213 -0.96702  0.008255  0.004496  0.000926     1.836
   1.81861  0.74917 -0.00945 -0.95202  0.008993  0.004785  0.000821     1.880
   1.83717  0.76756 -0.00690 -0.93814  0.009765  0.005075  0.000728     1.924
   1.85554  0.78578 -0.00452 -0.92524  0.010574  0.005368  0.000645     1.970
   1.87365  0.80375 -0.00231 -0.91335  0.011411  0.005659  0.000572     2.016
   1.89138  0.82137 -0.00030 -0.90247  0.012266  0.005946  0.000508     2.063
   1.90871  0.83861  0.00147 -0.89275  0.013101  0.006220  0.000456     2.106
   1.92572  0.85555  0.00297 -0.88417  0.013886  0.006477  0.000414     2.144
   1.94249  0.87228  0.00422 -0.87647  0.014625  0.006722  0.000381     2.176
   1.95899  0.88874  0.00521 -0.86946  0.015326  0.006956  0.000353     2.203
   1.97495  0.90468  0.00595 -0.86305  0.015995  0.007180  0.000331     2.228
   1.99007  0.91980  0.00639 -0.85741  0.016589  0.007385  0.000313     2.246
   2.00423  0.93396  0.00646 -0.85295  0.016992  0.007554  0.000307     2.250
   2.01748  0.94720  0.00613 -0.84977  0.017156  0.007677  0.000312     2.235
   2.02992  0.95963  0.00540 -0.84795  0.017053  0.007750  0.000331     2.200
   2.04171  0.97137  0.00431 -0.84743  0.016722  0.007773  0.000362     2.151
   2.05295  0.98252  0.00291 -0.84819  0.016208  0.007747  0.000405     2.092
   2.06372  0.99316  0.00124 -0.84999  0.015595  0.007684  0.000457     2.030
   2.07068  1.00000  0.00000 -0.84857  0.015635  0.007738  0.000462     2.021
   2.07068  1.00010 -0.00002  0.84857  0.017932  0.009149  0.000000     1.960
   2.07769  1.00696 -0.00147  0.86427  0.015419  0.008520  0.000000     1.810
   2.08586  1.01499 -0.00298  0.87356  0.014148  0.008184  0.000000     1.729
   2.09537  1.02436 -0.00462  0.88268  0.013063  0.007876  0.000000     1.659
   2.10645  1.03528 -0.00645  0.89160  0.012120  0.007593  0.000000     1.596
   2.11934  1.04801 -0.00851  0.90040  0.011285  0.007332  0.000000     1.539
   2.13436  1.06285 -0.01083  0.90902  0.010541  0.007091  0.000000     1.487
   2.15185  1.08014 -0.01346  0.91737  0.009877  0.006870  0.000000     1.438
   2.17221  1.10028 -0.01646  0.92538  0.009285  0.006669  0.000000     1.392
   2.19592  1.12374 -0.01989  0.93299  0.008757  0.006487  0.000000     1.350
   2.22353  1.15106 -0.02383  0.94018  0.008285  0.006324  0.000000     1.310
   2.25568  1.18289 -0.02838  0.94691  0.007863  0.006177  0.000000     1.273
   2.29311  1.21995 -0.03363  0.95319  0.007488  0.006045  0.000000     1.239
   2.33670  1.26312 -0.03972  0.95900  0.007155  0.005928  0.000000     1.207
   2.38746  1.31338 -0.04680  0.96435  0.006860  0.005824  0.000000     1.178
   2.44657  1.37190 -0.05507  0.96923  0.006601  0.005731  0.000000     1.152
   2.51539  1.44005 -0.06472  0.97365  0.006376  0.005650  0.000000     1.129
   2.59553  1.51939 -0.07604  0.97762  0.006182  0.005579  0.000000     1.108
   2.68885  1.61175 -0.08932  0.98115  0.006017  0.005517  0.000000     1.091
   2.79751  1.71929 -0.10493  0.98425  0.005878  0.005463  0.000000     1.076
   2.92405  1.84448 -0.12330  0.98694  0.005762  0.005418  0.000000     1.064
   3.07138  1.99022 -0.14494  0.98950  0.005662  0.005375  0.000000     1.053
